6
53
12
1
1
hgf	456 	
2
2
fghj	476 	
fgh	654 	
2
2
fghf	56757 	
ghjgj	3535 	
2
1
fghf	23424 	
1
1
jgfh	34523 	
2
1
ghfh	6534 	
2
2
fghfh	123143 	
fghf	76564 	
3
3
hgf	534 	
vhj	543 	
fjh	3465 	
2
2
ghjfhf	3535 	
hvjghj	765654 	
3
3
fgh	467 	
jhh	234 	
jhg	987 	
3
3
fghfh	23452 	
jgjgjg	6868678 	
fhfj	23424 	
2
1
shahar	45643 	
2
0
3
0
1
0
3
0
1
0
2
0
3
0
3
0
3
0
3
0
2
0
2
0
2
0
3
0
1
0
2
0
2
0
1
0
1
0
2
0
3
0
1
0
2
0
1
0
2
0
3
0
2
0
2
0
2
0
2
0
2
0
3
0
1
0
1
0
1
0
2
0
1
0
2
0
2
0
3
0
2
0
3
0
1
0
1
0
3
0
3
0
3
0
2
0
3
0
3
0
2
0
1
0
2
0
2
0
3
0
1
0
1
0
3
0
3
0
3
0
1
0
1
0
3
0
1
0
1
0
2
0
1
0
3
0
3
0
1
0
2
0
2
0
2
0
1
0
2
0
3
0
1
0
2
0
2
0
3
0
3
0
1
0
1
0
3
0
1
0
3
0
2
0
2
0
3
0
3
0
3
0
2
0
1
0
2
0
3
0
2
0
1
0
3
0
1
0
3
0
2
0
2
0
2
0
3
0
3
0
2
0
3
0
2
0
2
0
3
0
1
0
1
0
3
0
3
0
3
0
1
0
1
0
1
0
2
0
1
0
3
0
3
0
3
0
2
0
2
0
1
0
3
0
3
0
1
0
3
0
3
0
2
0
1
0
1
0
2
0
2
0
1
0
1
0
2
0
3
0
2
0
3
0
2
0
3
0
1
0
3
0
1
0
2
0
3
0
2
0
2
0
3
0
3
0
3
0
1
0
3
0
2
0
1
0
2
0
1
0
1
0
1
0
3
0
1
0
1
0
3
0
3
0
2
0
3
0
1
0
1
0
2
0
2
0
1
0
2
0
3
0
1
0
1
0
3
0
3
0
3
0
3
0
2
0
1
0
3
0
1
0
3
0
3
0
2
0
2
0
1
0
1
0
2
0
1
0
2
0
3
0
1
0
1
0
2
0
2
0
1
0
1
0
3
0
2
0
3
0
2
0
2
0
2
0
1
0
2
0
1
0
2
0
2
0
2
0
1
0
1
0
3
0
2
0
3
0
3
0
1
0
2
0
2
0
2
0
1
0
3
0
2
0
3
0
2
0
3
0
1
0
1
0
3
0
3
0
3
0
1
0
1
0
3
0
3
0
3
0
3
0
2
0
2
0
2
0
2
0
1
0
3
0
1
0
1
0
3
0
1
0
3
0
1
0
1
0
3
0
2
0
2
0
1
0
1
0
1
0
3
0
3
0
2
0
2
0
3
0
1
0
1
0
1
0
3
0
3
0
2
0
1
0
2
0
3
0
1
0
3
0
3
0
1
0
2
0
2
0
3
0
3
0
3
0
1
0
2
0
3
0
2
0
1
0
3
0
1
0
2
0
1
0
1
0
2
0
3
0
1
0
3
0
2
0
1
0
1
0
3
0
1
0
2
0
3
0
2
0
1
0
